1.229999999999998109e-02
1.017000000000018861e-01
3.121999999999819364e-01
6.378999999999460657e-01
1.058099999999899898e+00
1.552799999999845415e+00
2.106400000000020700e+00
2.707100000001288365e+00
3.345900000002636432e+00
4.016100000003978820e+00
4.712700000002355338e+00
5.431600000000679884e+00
6.169599999998959916e+00
6.924199999997201260e+00
7.693199999995409044e+00
8.475099999993586763e+00
1.007169999998986576e+01
1.170489999998605946e+01
1.336839999998218254e+01
1.505699999997824712e+01
1.762929999997225394e+01
2.024039999996616856e+01
2.288329999996000907e+01
2.644789999995170149e+01
3.005069999994330487e+01
3.459810000002500630e+01
3.918520000017728222e+01
4.473270000036144012e+01
5.031860000054687276e+01
5.687550000076453927e+01
6.441250000101473461e+01
7.293700000129771865e+01
8.245470000161367352e+01
9.297000000196274527e+01
1.054478000023769653e+02
1.189355000028247105e+02
1.344018000033381384e+02
1.518552000039175311e+02
1.713023000045631079e+02
1.927482000052750379e+02
2.171744000060859037e+02
2.445895000069959906e+02
2.750000000026053613e+02
3.093942999939716856e+02
3.477802999843360112e+02
3.872051999744395516e+02
4.266761999645315200e+02
4.661859999546137487e+02
5.057289999446876436e+02
5.453006999347543342e+02
5.848975999248146991e+02
6.245167999148694662e+02
6.641556999049192882e+02
7.038123998949646420e+02
7.434850998850059796e+02
7.831722998750436773e+02
8.228727998650780364e+02
8.625853998551093582e+02
9.023091998451378686e+02
9.420431998351638185e+02
9.817867998251873587e+02
1.021539199815208690e+03
1.061299799805228076e+03
1.101068199795245391e+03
1.140843699785260924e+03
1.180625999775274749e+03
1.220414699765286969e+03
1.260209399755297682e+03
1.300009699745306989e+03
1.339815299735314966e+03
1.379625999725321662e+03
1.419441499715327154e+03
1.459261599705331491e+03
1.499085999695334749e+03
1.538914499685336978e+03
1.578746999675338202e+03
1.618583199665338498e+03
1.658423099655337865e+03
1.698266399645336378e+03
1.738112899635334088e+03
1.777962699625330970e+03
1.817815499615327099e+03
1.857671199605322499e+03
1.897529699595317197e+03
1.937390899585311217e+03
1.977254599575304610e+03
2.017120899565297350e+03
2.056989599575729244e+03
2.096860699656377165e+03
2.136733999737029535e+03
2.176609399817686153e+03
2.216486999898347221e+03
2.256366599979012335e+03
2.296248100059681292e+03
2.336131600140354294e+03
2.376016900221030937e+03
2.415904000301711221e+03
2.455792800382394944e+03
2.465765300402566481e+03
